1000 600

Triangle
370.0 65.0
485.0 65.0
430.0 30.0

Circle
475.0 348.0
57

Quadrilateral
370.0 65.0
485.0 65.0
370.0 160.0
485.0 160.0

Circle
475.0 348.0
110

Circle
475.0 348.0
150

Triangle
650.0 150.0
765.0 150.0
710.0 110.0

Triangle
225.0 120.0
345.0 120.0
285.0 70.0

Quadrilateral
225.0 120.0
345.0 120.0
225.0 220.0
345.0 220.0

Quadrilateral
520.0 70.0
520.0 165.0
640.0 70.0
640.0 165.0

Triangle
640.0 70.0
520.0 70.0
580.0 40.0

Quadrilateral
650.0 150.0
765.0 150.0
650.0 250.0
765.0 250.0
